           xmin        ymin        xmax        ymax     score label
0    27.702602   27.160774   58.503426   59.116596   0.818977  Tree
1    66.584167   83.113136   98.885536   114.103897  0.788697  Tree
2    323.623230  190.165573  353.701080  220.894394  0.787899  Tree
3    280.554474  90.783707   308.171967  118.228264  0.784837  Tree
4    32.403702   69.956581   63.686462   103.354065  0.767566  Tree
5    139.551788  108.519440  174.510849  144.639603  0.748756  Tree
6    327.166046  155.962280  356.407135  184.924698  0.746149  Tree
7    105.083824  159.377213  134.728500  191.334488  0.743268  Tree
8    238.979004  193.260300  266.307617  221.428070  0.739983  Tree
9    35.016113   208.843643  69.496223   241.995895  0.727519  Tree
10   226.994537  223.416824  258.360626  253.364166  0.724568  Tree
11   112.512413  239.544220  142.157364  269.722107  0.720610  Tree
12   15.664705   159.000427  51.807549   198.387436  0.710201  Tree
13   248.883041  111.875771  284.017029  146.860138  0.701095  Tree
14   266.972900  219.137543  295.442108  247.537537  0.697702  Tree
15   33.606476   243.190048  64.048592   274.621582  0.697333  Tree
16   70.074432   118.989777  100.947952  150.642838  0.692222  Tree
17   274.394836  184.539230  297.885132  210.279694  0.690948  Tree
18   1.107823    95.279312   28.775837   121.988441  0.690400  Tree
19   35.805450   348.837280  62.825890   377.576202  0.688508  Tree
20   152.626038  69.256470   181.949493  100.453842  0.686408  Tree
21   317.515564  101.828888  347.501862  132.917267  0.684669  Tree
22   63.659348   22.117170   90.955429   50.277111   0.684471  Tree
23   87.675697   0.000000    119.745537  19.504467   0.684420  Tree
24   14.988869   126.956856  42.232475   155.950546  0.682911  Tree
25   120.039482  274.658325  146.246078  300.989288  0.679647  Tree
26   185.557617  59.831734   221.536636  95.395317   0.674721  Tree
27   123.910576  205.283905  150.395370  232.146042  0.671577  Tree
28   80.785141   189.253067  110.144295  219.139877  0.671189  Tree
29   274.916595  30.309042   309.282593  63.724987   0.670959  Tree
30   137.236435  162.637375  167.727417  196.136490  0.666981  Tree
31   198.937653  114.363853  233.948898  151.475815  0.665897  Tree
32   35.879410   105.192108  64.113304   133.905167  0.656085  Tree
33   361.212585  28.980839   393.378052  63.625252   0.655228  Tree
34   372.198547  131.265213  400.000000  170.958878  0.654535  Tree
35   73.779320   54.775009   94.775841   77.121315   0.654504  Tree
36   190.214279  14.646721   219.286057  45.087952   0.653722  Tree
37   34.436123   0.000000    68.213173   21.822054   0.652595  Tree
38   225.364441  50.464638   251.922470  79.086952   0.652455  Tree
39   314.406616  43.471298   342.991180  72.459099   0.641588  Tree
40   7.792998    285.418823  42.553463   321.163086  0.638744  Tree
41   159.550568  0.000000    194.024826  22.284966   0.635693  Tree
42   165.056839  32.911526   195.174805  63.682056   0.631159  Tree
43   299.564270  175.586945  325.498169  202.745316  0.628878  Tree
44   124.780083  52.182930   151.806198  79.538185   0.628524  Tree
45   72.191101   357.035431  105.577278  389.410004  0.627981  Tree
46   335.446869  66.271378   365.378174  97.218506   0.627039  Tree
47   199.565674  258.219299  224.470200  282.908600  0.623968  Tree
48   222.956268  280.545776  245.163925  304.550079  0.613302  Tree
49   206.647812  185.188950  236.940536  218.211258  0.605057  Tree
50   89.979134   221.935410  115.015945  248.574829  0.604300  Tree
51   334.206970  225.504791  358.817383  250.243576  0.600159  Tree
52   94.582733   27.839567   116.170052  50.935940   0.598840  Tree
53   198.729691  218.334671  221.743973  242.502563  0.594270  Tree
54   300.491669  218.118347  324.289978  242.728302  0.579388  Tree
55   371.072540  191.957153  399.901154  224.844742  0.578720  Tree
56   252.891159  295.237213  283.591095  326.860107  0.573131  Tree
57   106.342270  80.868805   131.854324  104.882607  0.566983  Tree
58   383.203796  103.260178  400.000000  126.267952  0.546915  Tree
59   273.707886  248.680267  308.516602  283.690735  0.532649  Tree
60   91.112083   299.659912  121.910339  333.895569  0.531096  Tree
61   2.526743    347.132904  29.869638   375.093170  0.523391  Tree
62   61.845959   257.497162  88.979004   286.343353  0.519608  Tree
63   233.310104  253.412704  258.377960  277.718903  0.506215  Tree
64   246.555969  25.723082   270.021545  50.401531   0.493910  Tree
65   182.747238  157.461807  204.165817  179.968277  0.480769  Tree
66   184.495804  288.428955  212.269516  318.633179  0.476906  Tree
67   347.144653  113.941864  372.249237  141.155136  0.476137  Tree
68   176.719299  102.551910  203.461823  131.226883  0.466958  Tree
69   69.811134   233.906342  89.645561   253.929749  0.463101  Tree
70   61.116680   168.498825  89.603279   197.307709  0.456733  Tree
71   48.789829   148.776520  74.211319   175.368317  0.451721  Tree
72   314.557343  7.904203    342.036926  36.191162   0.448761  Tree
73   0.000000    30.667568   20.998083   63.345573   0.432097  Tree
74   221.177795  6.366025    242.423462  30.551657   0.429418  Tree
75   150.868240  354.889679  208.453369  399.954834  0.427283  Tree
76   160.091522  201.143539  186.510269  228.927963  0.426505  Tree
77   298.654388  132.190506  326.850891  161.978912  0.422744  Tree
78   357.185760  0.000000    397.428040  24.464575   0.407440  Tree
79   88.910103   140.251724  113.429726  165.207718  0.405037  Tree
80   150.230347  237.925369  172.631134  262.919678  0.403230  Tree
81   165.759293  179.130737  186.978058  201.203049  0.400172  Tree
82   379.301727  284.214386  400.000000  308.157684  0.399008  Tree
83   315.040527  259.322876  345.385590  293.020264  0.395387  Tree
84   0.034342    241.362106  27.896662   277.161316  0.392962  Tree
85   11.923668   57.883278   31.669973   80.270050   0.392849  Tree
86   340.676727  313.482086  364.724457  337.392883  0.387152  Tree
87   187.644363  185.404144  211.162415  214.418671  0.365960  Tree
88   290.030701  294.155029  320.301208  324.805084  0.361156  Tree
89   11.149315   378.892426  40.699989   399.924377  0.360483  Tree
90   124.752617  18.949934   154.956635  47.219593   0.356459  Tree
91   123.674980  310.891296  153.403671  343.467224  0.351543  Tree
92   106.005531  373.762909  143.217422  399.927734  0.342341  Tree
93   121.384819  0.000000    146.352173  12.803894   0.333882  Tree
94   5.788691    0.007823    28.875605   10.621963   0.331677  Tree
95   351.059265  290.157562  374.112061  312.943237  0.330755  Tree
96   234.992477  0.000000    271.471863  19.576643   0.330498  Tree
97   256.170990  68.876129   280.902527  96.505356   0.329626  Tree
98   207.432602  149.011307  234.531265  176.678299  0.309867  Tree
99   173.821777  229.835938  190.169250  246.998886  0.307822  Tree
100  382.783722  81.200241   399.930481  101.123871  0.304825  Tree
101  281.912262  65.461189   304.599823  88.370583   0.288848  Tree
102  15.795798   211.321976  37.735935   237.857712  0.288308  Tree
103  58.398624   295.977386  96.219887   336.656036  0.288070  Tree
104  382.189972  52.878590   399.452515  80.088409   0.283509  Tree
105  274.303040  0.000000    306.873779  19.100840   0.280441  Tree
106  274.825623  150.480667  298.457733  178.114899  0.257699  Tree
107  153.639557  284.848022  175.516068  307.780457  0.248080  Tree
108  266.439728  273.483673  286.860962  292.824707  0.244529  Tree
109  130.765488  352.405273  157.582031  380.893555  0.237908  Tree
110  231.859894  79.179443   259.055145  105.596649  0.235398  Tree
111  49.866169   381.382507  81.381485   400.000000  0.231473  Tree
112  329.558014  0.000000    360.413483  15.247738   0.229157  Tree
113  0.140711    73.278107   12.027464   91.570816   0.227652  Tree
114  367.244415  174.174210  387.672974  195.827423  0.226571  Tree
115  262.727539  352.548859  305.375275  392.855103  0.225636  Tree
116  0.165031    369.877319  12.737306   391.391479  0.225304  Tree
117  333.086823  131.071259  358.481812  154.817337  0.225005  Tree
118  236.496414  379.470764  269.814240  400.000000  0.222393  Tree
119  158.205338  262.812775  180.833496  285.748199  0.221569  Tree
120  0.000000    136.287872  14.381989   165.070770  0.221109  Tree
121  38.411732   318.121979  66.982277   346.708618  0.219104  Tree
122  75.804855   334.549561  100.429382  357.889282  0.205346  Tree
123  366.559998  94.372025   381.776917  109.113998  0.204639  Tree
124  293.722748  274.073151  314.461639  293.511566  0.202516  Tree
